promedio<-c(16,15,16,15,14,14,13,15,13,13,11)
b<-4
d<-5
summary(promedio)
promedio<-c(16,15,16,15,14,14,13,15,13,13,11)
b<-4
d<-5
summary(promedio)
library(Matrix)
detach("package:Matrix", unload = TRUE)
promedio<-c(16,15,16,15,14,14,13,15,13,13,11)
b<-4
d<-5
summary(promedio)
promedio<-c(16,15,16,15,14,14,13,15,13,13,11)
b<-4
d<-5
summary(promedio)
hist(promedio)
shapiro.test(promedio)
class(promedio)
sort(promedio)
muestra_1<-c(37.27,59.73,47.15,50.11,50.31,51.77,34.59,52.94,45.43,47.42)
muestra_2<-c(8.86,12.76,18.07,18.26,17.45,16.39,15.18,15.26,5.92,14.74,11.77,19.38)
shapiro.test(muestra_1)
muestra_1<-c(37.27,59.73,47.15,50.11,50.31,51.77,34.59,52.94,45.43,47.42)
muestra_2<-c(8.86,12.76,18.07,18.26,17.45,16.39,15.18,15.26,5.92,14.74,11.77,19.38)
shapiro.test(muestra_1)
var.test(muestra_1,muestra_2)
fisher.test(muestra_1)
muestra_1<-c(37.27,59.73,47.15,50.11,50.31,51.77,34.59,52.94,45.43,47.42)
muestra_2<-c(8.86,12.76,18.07,18.26,17.45,16.39,15.18,15.26,5.92,14.74,11.77,19.38)
shapiro.test(muestra_1)
var.test(muestra_1,muestra_2)
fisher.test(muestra_1
# Datos del consumo
consumo <- c(1134, 978, 1356, 1234, 1324, 1220, 1117, 1000, 945, 1458, 1343, 1200,
1324, 1435, 957, 1003, 845, 986, 1134, 1156, 1231, 1232, 1256, 1146,
1028, 1212, 1321, 1150, 1543, 1324, 1543, 1345, 1232, 1132, 987,
1121, 990, 1287, 1323, 1221, 1112, 1245, 1000, 1234, 966, 987, 1005,
1123, 1123, 1322, 1112, 1234, 1231, 1150, 1143)
t.test(consumo, mu = 1150, alternative = "greater", conf.level = 0.99)
# Datos de la talla de los dos grupos
grupo_control <- c(1.25, 1.21, 1.20, 1.21, 1.28, 1.315, 1.195, 1.308, 1.30, 1.32,
1.325, 1.29, 1.345, 1.31, 1.25, 1.25, 1.54, 1.36, 1.33, 1.31,
1.40, 1.375, 1.47, 1.555, 1.445, 1.51, 1.145, 1.115, 1.175,
1.125, 1.195, 1.18, 1.18, 1.22, 1.315, 1.255, 1.27, 1.33,
1.27, 1.32, 1.28, 1.365, 1.265, 1.335, 1.295, 1.365, 1.37,
1.41, 1.384, 1.415, 1.44, 1.3, 1.47, 1.42, 1.495, 1.52,
1.57, 1.52, 1.405, 1.445)
grupo_experimental <- c(1.21, 1.55, 1.20, 1.23, 1.30, 1.21, 1.41, 1.30, 1.34,
1.42, 1.41, 1.19, 1.26, 1.42, 1.20, 1.25, 1.40, 1.28,
1.28, 1.21, 1.24, 1.24, 1.31, 1.29, 1.20, 1.21, 1.32,
1.26, 1.24, 1.35, 1.40, 1.40, 1.48, 1.52, 1.41, 1.52,
1.44, 1.40, 1.36, 1.30, 1.46, 1.59, 1.15, 1.21, 1.23,
1.19, 1.28, 1.19, 1.22, 1.26, 1.28, 1.23, 1.25, 1.19,
1.35, 1.29, 1.47, 1.51, 1.24, 1.30)
t_test <- t.test(grupo_control, grupo_experimental, var.equal = FALSE)
grupo_control <- c(1.25, 1.21, 1.20, 1.21, 1.28, 1.315, 1.195, 1.308, 1.30, 1.32,
1.325, 1.29, 1.345, 1.31, 1.25, 1.25, 1.54, 1.36, 1.33, 1.31,
1.40, 1.375, 1.47, 1.555, 1.445, 1.51, 1.145, 1.115, 1.175,
1.125, 1.195, 1.18, 1.18, 1.22, 1.315, 1.255, 1.27, 1.33,
1.27, 1.32, 1.28, 1.365, 1.265, 1.335, 1.295, 1.365, 1.37,
1.41, 1.384, 1.415, 1.44, 1.3, 1.47, 1.42, 1.495, 1.52,
1.57, 1.52, 1.405, 1.445)
grupo_experimental <- c(1.21, 1.55, 1.20, 1.23, 1.30, 1.21, 1.41, 1.30, 1.34,
1.42, 1.41, 1.19, 1.26, 1.42, 1.20, 1.25, 1.40, 1.28,
1.28, 1.21, 1.24, 1.24, 1.31, 1.29, 1.20, 1.21, 1.32,
1.26, 1.24, 1.35, 1.40, 1.40, 1.48, 1.52, 1.41, 1.52,
1.44, 1.40, 1.36, 1.30, 1.46, 1.59, 1.15, 1.21, 1.23,
1.19, 1.28, 1.19, 1.22, 1.26, 1.28, 1.23, 1.25, 1.19,
1.35, 1.29, 1.47, 1.51, 1.24, 1.30)
t_test <- t.test(grupo_control, grupo_experimental, var.equal = FALSE)
print(t_test)
grupo_control <- c(1.25, 1.21, 1.20, 1.21, 1.28, 1.315, 1.195, 1.308, 1.30, 1.32,
1.325, 1.29, 1.345, 1.31, 1.25, 1.25, 1.54, 1.36, 1.33, 1.31,
1.40, 1.375, 1.47, 1.555, 1.445, 1.51, 1.145, 1.115, 1.175,
1.125, 1.195, 1.18, 1.18, 1.22, 1.315, 1.255, 1.27, 1.33,
1.27, 1.32, 1.28, 1.365, 1.265, 1.335, 1.295, 1.365, 1.37,
1.41, 1.384, 1.415, 1.44, 1.3, 1.47, 1.42, 1.495, 1.52,
1.57, 1.52, 1.405, 1.445)
grupo_experimental <- c(1.21, 1.55, 1.20, 1.23, 1.30, 1.21, 1.41, 1.30, 1.34,
1.42, 1.41, 1.19, 1.26, 1.42, 1.20, 1.25, 1.40, 1.28,
1.28, 1.21, 1.24, 1.24, 1.31, 1.29, 1.20, 1.21, 1.32,
1.26, 1.24, 1.35, 1.40, 1.40, 1.48, 1.52, 1.41, 1.52,
1.44, 1.40, 1.36, 1.30, 1.46, 1.59, 1.15, 1.21, 1.23,
1.19, 1.28, 1.19, 1.22, 1.26, 1.28, 1.23, 1.25, 1.19,
1.35, 1.29, 1.47, 1.51, 1.24, 1.30)
# Realizar la prueba t de muestras independientes
t_test <- t.test(grupo_control, grupo_experimental, var.equal = FALSE) # Cambiar a TRUE si asumes varianzas iguales
# Mostrar los resultados de la prueba t
print(t_test)
# Datos del grupo control y grupo experimental
grupo_control <- c(1.25, 1.21, 1.20, 1.21, 1.28, 1.315, 1.195, 1.308, 1.30, 1.32,
1.325, 1.29, 1.345, 1.31, 1.25, 1.25, 1.54, 1.36, 1.33, 1.31,
1.40, 1.375, 1.47, 1.555, 1.445, 1.51, 1.145, 1.115, 1.175,
1.125, 1.195, 1.18, 1.18, 1.22, 1.315, 1.255, 1.27, 1.33,
1.27, 1.32, 1.28, 1.365, 1.265, 1.335, 1.295, 1.365, 1.37,
1.41, 1.384, 1.415, 1.44, 1.3, 1.47, 1.42, 1.495, 1.52,
1.57, 1.52, 1.405, 1.445)
grupo_experimental <- c(1.21, 1.55, 1.20, 1.23, 1.30, 1.21, 1.41, 1.30, 1.34,
1.42, 1.41, 1.19, 1.26, 1.42, 1.20, 1.25, 1.40, 1.28,
1.28, 1.21, 1.24, 1.24, 1.31, 1.29, 1.20, 1.21, 1.32,
1.26, 1.24, 1.35, 1.40, 1.40, 1.48, 1.52, 1.41, 1.52,
1.44, 1.40, 1.36, 1.30, 1.46, 1.59, 1.15, 1.21, 1.23,
1.19, 1.28, 1.19, 1.22, 1.26, 1.28, 1.23, 1.25, 1.19,
1.35, 1.29, 1.47, 1.51, 1.24, 1.30)
# Realizar la prueba t de muestras independientes
t_test <- t.test(grupo_control, grupo_experimental)
# Datos del grupo control y grupo experimental
grupo_control <- c(1.25, 1.21, 1.20, 1.21, 1.28, 1.315, 1.195, 1.308, 1.30, 1.32,
1.325, 1.29, 1.345, 1.31, 1.25, 1.25, 1.54, 1.36, 1.33, 1.31,
1.40, 1.375, 1.47, 1.555, 1.445, 1.51, 1.145, 1.115, 1.175,
1.125, 1.195, 1.18, 1.18, 1.22, 1.315, 1.255, 1.27, 1.33,
1.27, 1.32, 1.28, 1.365, 1.265, 1.335, 1.295, 1.365, 1.37,
1.41, 1.384, 1.415, 1.44, 1.3, 1.47, 1.42, 1.495, 1.52,
1.57, 1.52, 1.405, 1.445)
grupo_experimental <- c(1.21, 1.55, 1.20, 1.23, 1.30, 1.21, 1.41, 1.30, 1.34,
1.42, 1.41, 1.19, 1.26, 1.42, 1.20, 1.25, 1.40, 1.28,
1.28, 1.21, 1.24, 1.24, 1.31, 1.29, 1.20, 1.21, 1.32,
1.26, 1.24, 1.35, 1.40, 1.40, 1.48, 1.52, 1.41, 1.52,
1.44, 1.40, 1.36, 1.30, 1.46, 1.59, 1.15, 1.21, 1.23,
1.19, 1.28, 1.19, 1.22, 1.26, 1.28, 1.23, 1.25, 1.19,
1.35, 1.29, 1.47, 1.51, 1.24, 1.30)
# Realizar la prueba t de muestras independientes
t_test <- t.test(grupo_control, grupo_experimental)
# Datos del grupo control y grupo experimental
grupo_control <- c(1.25, 1.21, 1.20, 1.21, 1.28, 1.315, 1.195, 1.308, 1.30, 1.32,
1.325, 1.29, 1.345, 1.31, 1.25, 1.25, 1.54, 1.36, 1.33, 1.31,
1.40, 1.375, 1.47, 1.555, 1.445, 1.51, 1.145, 1.115, 1.175,
1.125, 1.195, 1.18, 1.18, 1.22, 1.315, 1.255, 1.27, 1.33,
1.27, 1.32, 1.28, 1.365, 1.265, 1.335, 1.295, 1.365, 1.37,
1.41, 1.384, 1.415, 1.44, 1.3, 1.47, 1.42, 1.495, 1.52,
1.57, 1.52, 1.405, 1.445)
grupo_experimental <- c(1.21, 1.55, 1.20, 1.23, 1.30, 1.21, 1.41, 1.30, 1.34,
1.42, 1.41, 1.19, 1.26, 1.42, 1.20, 1.25, 1.40, 1.28,
1.28, 1.21, 1.24, 1.24, 1.31, 1.29, 1.20, 1.21, 1.32,
1.26, 1.24, 1.35, 1.40, 1.40, 1.48, 1.52, 1.41, 1.52,
1.44, 1.40, 1.36, 1.30, 1.46, 1.59, 1.15, 1.21, 1.23,
1.19, 1.28, 1.19, 1.22, 1.26, 1.28, 1.23, 1.25, 1.19,
1.35, 1.29, 1.47, 1.51, 1.24, 1.30)
t_test <- t.test(grupo_control, grupo_experimental)
grupo_control <- c(1.25, 1.21, 1.20, 1.21, 1.28, 1.315, 1.195, 1.308, 1.30, 1.32,
1.325, 1.29, 1.345, 1.31, 1.25, 1.25, 1.54, 1.36, 1.33, 1.31,
1.40, 1.375, 1.47, 1.555, 1.445, 1.51, 1.145, 1.115, 1.175,
1.125, 1.195, 1.18, 1.18, 1.22, 1.315, 1.255, 1.27, 1.33,
1.27, 1.32, 1.28, 1.365, 1.265, 1.335, 1.295, 1.365, 1.37,
1.41, 1.384, 1.415, 1.44, 1.3, 1.47, 1.42, 1.495, 1.52,
1.57, 1.52, 1.405, 1.445)
grupo_experimental <- c(1.21, 1.55, 1.20, 1.23, 1.30, 1.21, 1.41, 1.30, 1.34,
1.42, 1.41, 1.19, 1.26, 1.42, 1.20, 1.25, 1.40, 1.28,
1.28, 1.21, 1.24, 1.24, 1.31, 1.29, 1.20, 1.21, 1.32,
1.26, 1.24, 1.35, 1.40, 1.40, 1.48, 1.52, 1.41, 1.52,
1.44, 1.40, 1.36, 1.30, 1.46, 1.59, 1.15, 1.21, 1.23,
1.19, 1.28, 1.19, 1.22, 1.26, 1.28, 1.23, 1.25, 1.19,
1.35, 1.29, 1.47, 1.51, 1.24, 1.30)
t_test <- t.test(grupo_control, grupo_experimental)
grupo_control <- c(1.25, 1.21, 1.20, 1.21, 1.28, 1.315, 1.195, 1.308, 1.30, 1.32,
1.325, 1.29, 1.345, 1.31, 1.25, 1.25, 1.54, 1.36, 1.33, 1.31,
1.40, 1.375, 1.47, 1.555, 1.445, 1.51, 1.145, 1.115, 1.175,
1.125, 1.195, 1.18, 1.18, 1.22, 1.315, 1.255, 1.27, 1.33,
1.27, 1.32, 1.28, 1.365, 1.265, 1.335, 1.295, 1.365, 1.37,
1.41, 1.384, 1.415, 1.44, 1.3, 1.47, 1.42, 1.495, 1.52,
1.57, 1.52, 1.405, 1.445)
grupo_experimental <- c(1.21, 1.55, 1.20, 1.23, 1.30, 1.21, 1.41, 1.30, 1.34,
1.42, 1.41, 1.19, 1.26, 1.42, 1.20, 1.25, 1.40, 1.28,
1.28, 1.21, 1.24, 1.24, 1.31, 1.29, 1.20, 1.21, 1.32,
1.26, 1.24, 1.35, 1.40, 1.40, 1.48, 1.52, 1.41, 1.52,
1.44, 1.40, 1.36, 1.30, 1.46, 1.59, 1.15, 1.21, 1.23,
1.19, 1.28, 1.19, 1.22, 1.26, 1.28, 1.23, 1.25, 1.19,
1.35, 1.29, 1.47, 1.51, 1.24, 1.30)
t_test <- t.test(grupo_control,grupo_experimental)
grupo_control <- c(1.25, 1.21, 1.20, 1.21, 1.28, 1.315, 1.195, 1.308, 1.30, 1.32,
1.325, 1.29, 1.345, 1.31, 1.25, 1.25, 1.54, 1.36, 1.33, 1.31,
1.40, 1.375, 1.47, 1.555, 1.445, 1.51, 1.145, 1.115, 1.175,
1.125, 1.195, 1.18, 1.18, 1.22, 1.315, 1.255, 1.27, 1.33,
1.27, 1.32, 1.28, 1.365, 1.265, 1.335, 1.295, 1.365, 1.37,
1.41, 1.384, 1.415, 1.44, 1.3, 1.47, 1.42, 1.495, 1.52,
1.57, 1.52, 1.405, 1.445)
grupo_experimental <- c(1.21, 1.55, 1.20, 1.23, 1.30, 1.21, 1.41, 1.30, 1.34,
1.42, 1.41, 1.19, 1.26, 1.42, 1.20, 1.25, 1.40, 1.28,
1.28, 1.21, 1.24, 1.24, 1.31, 1.29, 1.20, 1.21, 1.32,
1.26, 1.24, 1.35, 1.40, 1.40, 1.48, 1.52, 1.41, 1.52,
1.44, 1.40, 1.36, 1.30, 1.46, 1.59, 1.15, 1.21, 1.23,
1.19, 1.28, 1.19, 1.22, 1.26, 1.28, 1.23, 1.25, 1.19,
1.35, 1.29, 1.47, 1.51, 1.24, 1.30)
t.test(grupo_control,grupo_experimental)
gastos_varones <- c(150, 154, 246, 143, 200, 189, 329, 324)
gastos_damas <- c(324, 324, 123, 240, 123, 234, 143, 432)
t.test(gastos_varones, gastos_damas, alternative = "greater")
source("~/.active-rstudio-document")
gastos_varones <- c(150, 154, 246, 143, 200, 189, 329, 324)
gastos_damas <- c(324, 324, 123, 240, 123, 234, 143, 432)
t.test(gastos_varones, gastos_damas, alternative = "greater")
gastos_varones <- c(150, 154, 246, 143, 200, 189, 329, 324)
gastos_damas <- c(324, 324, 123, 240, 123, 234, 143, 432)
t.test(gastos_varones, gastos_damas, alternative = "greater")
grupo_control <- c(1.25, 1.21, 1.20, 1.21, 1.28, 1.315, 1.195, 1.308, 1.30, 1.32,
1.325, 1.29, 1.345, 1.31, 1.25, 1.25, 1.54, 1.36, 1.33, 1.31,
1.40, 1.375, 1.47, 1.555, 1.445, 1.51, 1.145, 1.115, 1.175,
1.125, 1.195, 1.18, 1.18, 1.22, 1.315, 1.255, 1.27, 1.33,
1.27, 1.32, 1.28, 1.365, 1.265, 1.335, 1.295, 1.365, 1.37,
1.41, 1.384, 1.415, 1.44, 1.3, 1.47, 1.42, 1.495, 1.52,
1.57, 1.52, 1.405, 1.445)
grupo_experimental <- c(1.21, 1.55, 1.20, 1.23, 1.30, 1.21, 1.41, 1.30, 1.34,
1.42, 1.41, 1.19, 1.26, 1.42, 1.20, 1.25, 1.40, 1.28,
1.28, 1.21, 1.24, 1.24, 1.31, 1.29, 1.20, 1.21, 1.32,
1.26, 1.24, 1.35, 1.40, 1.40, 1.48, 1.52, 1.41, 1.52,
1.44, 1.40, 1.36, 1.30, 1.46, 1.59, 1.15, 1.21, 1.23,
1.19, 1.28, 1.19, 1.22, 1.26, 1.28, 1.23, 1.25, 1.19,
1.35, 1.29, 1.47, 1.51, 1.24, 1.30)
t.test(grupo_control,grupo_experimental)
consumo <- c(1134, 978, 1356, 1234, 1324, 1220, 1117, 1000, 945, 1458, 1343, 1200,
1324, 1435, 957, 1003, 845, 986, 1134, 1156, 1231, 1232, 1256, 1146,
1028, 1212, 1321, 1150, 1543, 1324, 1543, 1345, 1232, 1132, 987,
1121, 990, 1287, 1323, 1221, 1112, 1245, 1000, 1234, 966, 987, 1005,
1123, 1123, 1322, 1112, 1234, 1231, 1150, 1143)
t.test(consumo, mu = 1150, alternative = "greater", conf.level = 0.99)
antes<-c(45,73,46,39,17,30)
despues<-(36,60,44,29,11,32)
antes<-c(45,73,46,39,17,30)
despues<-c(36,60,44,29,11,32)
t.test(antes,despues)
antes<-c(45,73,46,39,17,30)
despues<-c(36,60,44,29,11,32)
shapiro.test(antes,despues)
antes<-c(45,73,46,39,17,30)
despues<-c(36,60,44,29,11,32)
shapiro.test(antes)
shapiro.test(despues)
antes<-c(45,73,46,39,17,30)
despues<-c(36,60,44,29,11,32)
shapiro.test(antes)
shapiro.test(despues)
?t.test()
antes<-c(45,73,46,39,17,30)
despues<-c(36,60,44,29,11,32)
shapiro.test(antes)
shapiro.test(despues)
?t.test()
t.test(antes,despues,alternative = "greater",paired = TRUE,conf.level = 0.95)
antes<-c(12,15,20,20,25,21,18,21,28,21,26,24,25)
despues<-c(10,15,20,24,23,21,25,20,17,15)
shapiro.test(antes)
shapiro.test(despues)
?t.test()
antes <- c(12, 15, 20, 25, 21, 28, 21, 26, 24, 25)
despues <- c(10, 15, 20, 24, 23, 21, 25, 20, 17, 15)
diferencias_problema_2 <- despues - antes
shapiro.test(diferencias_problema_2)
t.test(antes, despues, paired = TRUE, alternative = "less")
inicial <- c(18, 21, 16, 22, 19, 24, 17, 21, 23, 18, 14, 16, 16, 19, 18, 20, 12, 22, 15, 17)
final <- c(22, 25, 17, 24, 16, 29, 20, 23, 19, 20, 15, 15, 18, 16, 18, 24, 18, 25, 19, 16)
diferencias <- final - inicial
shapiro_resultado <- shapiro.test(diferencias)
print(shapiro_resultado)
t_resultado <- t.test(final, inicial, paired = TRUE, alternative = "greater")
print(t_resultado)
inicial <- c(18, 21, 16, 22, 19, 24, 17, 21, 23, 18, 14, 16, 16, 19, 18, 20, 12, 22, 15, 17)
final <- c(22, 25, 17, 24, 16, 29, 20, 23, 19, 20, 15, 15, 18, 16, 18, 24, 18, 25, 19, 16)
diferencias <- final - inicial
shapiro_resultado <- shapiro.test(diferencias)
print(shapiro_resultado)
t_resultado <- t.test(final, inicial, paired = TRUE, alternative = "greater")
print(t_resultado)
if (z < z_critico) {
cat("Rechazamos H0: La proporción es menor al 55%.\n")
} else {
cat("No rechazamos H0: No hay evidencia suficiente para decir que la proporción es menor al 55%.\n")
}
p_valor <- pnorm(z)
n1<-150
x1<-21
n2<-200
x2<-48
p1<-x1/n1
p2<-x2/n2
p_comb<-(x1+x2)/(n1+n2)
se <- sqrt(p_comb*(1-p_comb)*(1/n1+1/n2))
z_critico <-qnorm(1-0.05/2)
n1<-150
x1<-21
n2<-200
x2<-48
p1<-x1/n1
p2<-x2/n2
p_comb<-(x1+x2)/(n1+n2)
se <- sqrt(p_comb*(1-p_comb)*(1/n1+1/n2))
z <-(p1-p2)/se
z_critico <-qnorm(1-0.05/2)
privado<-c(506,438,215)
publico<-c(494,162,385)
tabla<-data.pame(privado,publico)
privado<-c(506,438,215)
publico<-c(494,162,385)
tabla<-data.pame(privado,publico)
privado<-c(506,438,215)
publico<-c(494,162,385)
tabla<-data.pame(privado,publico)
privado<-c(506,438,215)
publico<-c(494,162,385)
tabla<-data.pame(privado,publico)
privado<-c(506,438,215)
publico<-c(494,162,385)
tabla<-data.pame(privado,publico)
privado <- c(506, 438, 215)
publico <- c(494, 162, 385)
tabla <- data.frame(privado, publico)
row.names(tabla) <- c("alto", "medio", "bajo")
tabla
chisq.test(tabla)
library(shiny); runApp('C:/beatrizumiña/metodo-de-optimizacion/tarea_3.R')
runApp('C:/beatrizumiña/metodo-de-optimizacion/tarea_3.R')
library(shiny); runApp('C:/beatrizumiña/metodo-de-optimizacion/tarea_3.R')
runApp('C:/beatrizumiña/metodo-de-optimizacion/tarea_3.R')
runApp('C:/beatrizumiña/metodo-de-optimizacion/tarea_3.R')
library(shiny); runApp('C:/beatrizumiña/metodo-de-optimizacion/tarea_3.R')
runApp('C:/beatrizumiña/metodo-de-optimizacion/tarea_3.R')
